0 0.11073265341701534 0.1687587168758717 0.0688589609483961 0.04463040446304046
0 0.25589478730822873 0.18410041841004182 0.0911915969316597 0.06415620641562063
0 0.4019874476987447 0.1771269177126918 0.0893305439330544 0.06694560669456068
0 0.11166317991631797 0.33682008368200833 0.09305264993026498 0.05160390516039055
0 0.25496426080892604 0.34239888423988846 0.07444211994421199 0.04323570432357045
0 0.4019874476987446 0.3389121338912134 0.09305264993026494 0.05857740585774061
0 0.6011201185495118 0.17433751743375175 0.055831589958159 0.03626220362622036
0 0.7406990934449093 0.18967921896792192 0.06327580195258023 0.03068340306834031
0 0.8905138598326358 0.16387726638772662 0.0688589609483962 0.04602510460251042
0 0.5759959030683403 0.3417015341701534 0.06141474895397494 0.03905160390516045
0 0.6978948744769875 0.3221757322175732 0.059553695955369725 0.04184100418410033
0 0.8021138423988842 0.3368200836820084 0.06699790794979094 0.04044630404463043
0 0.9109854428172943 0.31311018131101814 0.061414748953974946 0.04044630404463043
0 0.09956633542538353 0.7036262203626219 0.07258106694560668 0.04602510460251039
0 0.3145179567642956 0.6624825662482565 0.0669979079497908 0.04463040446304035
0 0.2140210948396095 0.7900976290097629 0.07444211994421199 0.04044630404463035
0 0.39919586820083686 0.8124128312412833 0.0837473849372385 0.0516039051603906
0 0.6169390690376568 0.6924686192468619 0.05769264295676422 0.034867503486750454
0 0.757448570432357 0.6631799163179916 0.05583158995815893 0.0376569037656904
0 0.9054022838214784 0.6792189679218967 0.05769264295676436 0.0334728033472804
0 0.5815790620641562 0.8368200836820082 0.053970536959553644 0.036262203626220214
0 0.6876590829846583 0.8333333333333333 0.04652632496513249 0.03486750348675031
0 0.7974612099023708 0.8465829846582984 0.05769264295676411 0.03905160390516044
0 0.9109854428172942 0.8340306834030681 0.050248430962343195 0.03626220362622033
