0 0.304044630404463 0.698744769874477 0.3877266387726639 0.3403068340306834
0 0.2845188284518828 0.2768479776847978 0.203626220362622 0.23012552301255235
0 0.17364016736401675 0.3298465829846583 0.11854951185495118 0.14365411436541142
0 0.398884239888424 0.31241283124128316 0.0864714086471409 0.11436541143654115
0 0.6673640167364014 0.17991631799163174 0.22454672245467208 0.0669456066945606
0 0.5362622036262203 0.19525801952580196 0.12412831241283115 0.041841004184100396
0 0.8131101813110181 0.18340306834030684 0.09205020920502094 0.04602510460251047
0 0.6994421199442119 0.5976290097629009 0.5006973500697349 0.10181311018131098
0 0.4511854951185495 0.3549511854951185 0.04044630404463043 0.08507670850767081
0 0.13947001394700143 0.392608089260809 0.07531380753138076 0.10739191073919109
0 0.47629009762900976 0.3688981868898187 0.018131101813110177 0.06276150627615067
0 0.48256624825662486 0.21129707112970714 0.07531380753138073 0.03207810320781032
0 0.8779637377963738 0.2043235704323571 0.05997210599721052 0.03207810320781032
0 0.9191073919107393 0.20920502092050206 0.022315202231520316 0.025104602510460233
