0 0.6891697559636079 0.13598326359832635 0.1262215670263018 0.06276150627615062
0 0.10602611630209348 0.39400278940027894 0.13631929238840587 0.07670850767085077
0 0.4708064450081056 0.4225941422594142 0.12874599836682774 0.0641562064156207
0 0.7535427551470216 0.33263598326359833 0.10350168496156757 0.05160390516039048
0 0.8368489893843808 0.33960948396094837 0.058061920832098796 0.02370990237099015
0 0.8381112050546438 0.33333333333333337 0.07573294021578093 0.0334728033472804
0 0.8721910281517453 0.4644351464435147 0.05301305815104684 0.02789400278940029
0 0.6298456194612458 0.46582984658298465 0.06311078351315097 0.03068340306834031
0 0.0858306655778852 0.5606694560669456 0.16661246847471833 0.07531380753138073
0 0.2890473884902311 0.5550906555090656 0.1135994103236716 0.06973500697350075
0 0.427891112219163 0.5955369595536959 0.07825737155630712 0.039051603905160374
0 0.6159612470883528 0.7008368200836823 0.10097725362104121 0.05439330543933055
0 0.7649026961793888 0.7085076708507672 0.09087952825893737 0.04463040446304035
0 0.9037464199083207 0.6889818688981869 0.09592839093998946 0.047419804741980445
0 0.7245117947309723 0.5739191073919108 0.055537489491572674 0.029288702928870335
0 0.36730476004653817 0.7008368200836821 0.027768744745786337 0.018131101813110177
